a=[0 1 0;0 0 0;1 1 0];
isSafe(3,3,a)